.3428011753
.0783545543
.0842311459
.0852105778
.0107737512
.0176297747
.0186092066
.0156709108
.0048971596
.0127326150
.0078354554
.0166503428
.0068560235
.0029382957
.0019588638
.0068560235
.0068560235
.0009794319
.0029382957
.0029382957
.0068560235
.0009794319
.0058765915
.0048971596
.0039177277
.0039177277
.0078354554
.0009794319
.0039177277
.0048971596
.0088148873
.0009794319
.0019588638
.0019588638
.0029382957
.0019588638
.0039177277
.0019588638
.0039177277
.0009794319
.0009794319
.0029382957
.0048971596
.0039177277
.0029382957
.0039177277
.0009794319
.0009794319
.0019588638
.0019588638
.0029382957
.0009794319
.0009794319
.0029382957
.0019588638
.0019588638
.0009794319
.0029382957
.0019588638
.0019588638
.0029382957
.0009794319
.0009794319
.0039177277
.0009794319
.0009794319
.0009794319
.0019588638
.0009794319
.0009794319
.0009794319
.0009794319
.0029382957
.0009794319
.0039177277
.0019588638
.0009794319
.0029382957
.0009794319
.0029382957
.0009794319
.0009794319
.0019588638
.0009794319
.0019588638
.0009794319
.0009794319
.0009794319
.0009794319
.0009794319
.0029382957
.0009794319
.0009794319
.0009794319
.0029382957
.0019588638
.0009794319
.0009794319
.0019588638
.0009794319
.0009794319
.0009794319
.0009794319
.0009794319
.0009794319
.0019588638
.0009794319
.0009794319
.0029382957
.0009794319
.0009794319
.0019588638
.0009794319
.0009794319
.0009794319
.0019588638
.0009794319
.0009794319
.0009794319
.0029382957
.0009794319
.0019588638
.0009794319
.0009794319
.0009794319
.0009794319
.0009794319
.0009794319
.0009794319
.0009794319
.0009794319
.0029382957
.0009794319
.0009794319
.0009794319
.0009794319
.0009794319
.0009794319
.0009794319
.0009794319
.0009794319
.0009794319
.0009794319
.0009794319
.0009794319
.0009794319
.0009794319
.0009794319
.0009794319
.0009794319
.0009794319
.0039177277
.0009794319
.0009794319
.0009794319
.0009794319
.0009794319
.0009794319
.0009794319
.0009794319
.0009794319
.0009794319
.0009794319
.0009794319
.0009794319
.0009794319
.0009794319
.0009794319
.0009794319
.0009794319
.0009794319
.0009794319
.0009794319
.0009794319
.0009794319
.0009794319
.0009794319
.0009794319
.0009794319
.0009794319
